TABLE NO.     1: First Order Conditional Estimation with Interaction: Problem=1 Subproblem=0 Superproblem1=0 Iteration1=0 Superproblem2=0 Iteration2=0
 NAME         THETA1       THETA2       THETA3       THETA4       THETA5       THETA6       THETA7       SIGMA(1,1)   OMEGA(1,1)   OMEGA(2,1)   OMEGA(2,2)
 THETA1        2.71189E+02  3.74715E+01 -1.89182E-01 -4.71520E-01  6.88894E-01  1.85328E+03 -1.57999E+02 -3.08255E+02  9.29268E-01  0.00000E+00 -8.88116E+00
 THETA2        3.74715E+01  5.01236E+00 -2.88218E-03 -8.09868E-02  1.39999E-01  2.31217E+02 -1.91175E+01 -1.98623E+01  4.16216E-01  0.00000E+00 -2.50901E-01
 THETA3       -1.89182E-01 -2.88218E-03  3.66604E-02  6.92827E-03  1.42786E-02  9.36752E+00 -7.73738E-01 -3.30097E+00  1.02061E-02  0.00000E+00  3.79088E-02
 THETA4       -4.71520E-01 -8.09868E-02  6.92827E-03  2.23513E-01 -4.99554E-02  4.01086E+01 -3.49745E+00 -1.20602E+01 -5.72172E-01  0.00000E+00 -1.97348E-01
 THETA5        6.88894E-01  1.39999E-01  1.42786E-02 -4.99554E-02  3.42590E-01  2.38977E+00 -3.44260E+00 -1.00532E+01 -1.96636E-02  0.00000E+00 -6.80952E-01
 THETA6        1.85328E+03  2.31217E+02  9.36752E+00  4.01086E+01  2.38977E+00  1.12213E+06 -8.46005E+04 -2.90338E+04  6.68780E+02  0.00000E+00  2.34955E+02
 THETA7       -1.57999E+02 -1.91175E+01 -7.73738E-01 -3.49745E+00 -3.44260E+00 -8.46005E+04  7.14469E+03  2.88368E+03  3.56249E+00  0.00000E+00 -1.18598E+01
 SIGMA(1,1)   -3.08255E+02 -1.98623E+01 -3.30097E+00 -1.20602E+01 -1.00532E+01 -2.90338E+04  2.88368E+03  1.88830E+05  2.54600E+01  0.00000E+00  2.48578E+01
 OMEGA(1,1)    9.29268E-01  4.16216E-01  1.02061E-02 -5.72172E-01 -1.96636E-02  6.68780E+02  3.56249E+00  2.54600E+01  1.26938E+03  0.00000E+00  1.17325E+00
 OMEGA(2,1)    0.00000E+00  0.00000E+00  0.00000E+00  0.00000E+00  0.00000E+00  0.00000E+00  0.00000E+00  0.00000E+00  0.00000E+00  0.00000E+00  0.00000E+00
 OMEGA(2,2)   -8.88116E+00 -2.50901E-01  3.79088E-02 -1.97348E-01 -6.80952E-01  2.34955E+02 -1.18598E+01  2.48578E+01  1.17325E+00  0.00000E+00  1.95795E+02
