TABLE NO.     1: First Order Conditional Estimation with Interaction: Problem=1 Subproblem=0 Superproblem1=0 Iteration1=0 Superproblem2=0 Iteration2=0
 NAME         THETA1       THETA2       THETA3       THETA4       THETA5       THETA6       SIGMA(1,1)   OMEGA(1,1)   OMEGA(2,1)   OMEGA(2,2)
 THETA1        2.93322E+00 -1.17261E-03 -1.15861E-02  1.13470E-01  1.58146E+02 -1.19901E+01 -2.78434E+01  6.97612E-01  0.00000E+00  5.34104E-01
 THETA2       -1.17261E-03  3.57538E-02  5.62961E-03  1.78868E-02  8.15428E+00 -4.72253E-01 -2.70640E+00 -1.64321E-02  0.00000E+00 -1.56571E-02
 THETA3       -1.15861E-02  5.62961E-03  1.56753E-01 -3.03866E-02  3.59796E+01 -3.12763E+00 -8.68711E+00 -3.06291E-01  0.00000E+00 -2.11098E-02
 THETA4        1.13470E-01  1.78868E-02 -3.03866E-02  3.51835E-01  4.15516E+00 -1.75163E+00 -4.43157E+00  1.31280E-01  0.00000E+00 -7.96324E-01
 THETA5        1.58146E+02  8.15428E+00  3.59796E+01  4.15516E+00  9.29829E+05 -7.11659E+04 -2.40937E+04  9.90273E+03  0.00000E+00 -6.99492E+03
 THETA6       -1.19901E+01 -4.72253E-01 -3.12763E+00 -1.75163E+00 -7.11659E+04  6.15213E+03  2.87141E+03 -4.57541E+00  0.00000E+00 -2.14170E+01
 SIGMA(1,1)   -2.78434E+01 -2.70640E+00 -8.68711E+00 -4.43157E+00 -2.40937E+04  2.87141E+03  1.31650E+05  2.27701E+02  0.00000E+00  7.43651E+01
 OMEGA(1,1)    6.97612E-01 -1.64321E-02 -3.06291E-01  1.31280E-01  9.90273E+03 -4.57541E+00  2.27701E+02  3.60826E+02  0.00000E+00 -6.25003E+00
 OMEGA(2,1)    0.00000E+00  0.00000E+00  0.00000E+00  0.00000E+00  0.00000E+00  0.00000E+00  0.00000E+00  0.00000E+00  0.00000E+00  0.00000E+00
 OMEGA(2,2)    5.34104E-01 -1.56571E-02 -2.11098E-02 -7.96324E-01 -6.99492E+03 -2.14170E+01  7.43651E+01 -6.25003E+00  0.00000E+00  2.04418E+02
