TABLE NO.     1: First Order Conditional Estimation with Interaction: Problem=1 Subproblem=0 Superproblem1=0 Iteration1=0 Superproblem2=0 Iteration2=0
 NAME         THETA1       THETA2       THETA3       THETA4       THETA5       THETA6       THETA7       SIGMA(1,1)   OMEGA(1,1)   OMEGA(2,1)   OMEGA(2,2)
 THETA1        1.52038E+02 -6.12027E+00  1.43869E+00  1.42024E+00 -5.11973E+00 -2.41632E+02  1.30878E+02 -4.52725E+02 -1.41351E+02  0.00000E+00 -1.92401E+01
 THETA2       -6.12027E+00  1.04034E+01 -3.77028E-01 -3.99779E-01  8.52258E-01  3.39768E+02 -4.99401E+01  6.12919E+01 -3.18764E+01  0.00000E+00 -4.90915E+01
 THETA3        1.43869E+00 -3.77028E-01  8.62963E-02  5.22902E-02 -5.00372E-02  9.74835E+01 -7.86305E+00 -2.91339E+00 -1.48729E+00  0.00000E+00  9.45267E-01
 THETA4        1.42024E+00 -3.99779E-01  5.22902E-02  2.80650E-01 -2.96202E-01  6.31342E+01 -5.34545E+00 -3.54278E+01 -2.38661E+00  0.00000E+00  8.24875E-01
 THETA5       -5.11973E+00  8.52258E-01 -5.00372E-02 -2.96202E-01  1.05017E+00  1.46162E+02 -2.42624E+01  1.82875E+01  9.62590E+00  0.00000E+00 -1.37684E+00
 THETA6       -2.41632E+02  3.39768E+02  9.74835E+01  6.31342E+01  1.46162E+02  4.98204E+05 -4.97737E+04 -1.84580E+03  3.56536E+03  0.00000E+00 -2.00739E+02
 THETA7        1.30878E+02 -4.99401E+01 -7.86305E+00 -5.34545E+00 -2.42624E+01 -4.97737E+04  5.78653E+03  3.15780E+03 -1.62107E+02  0.00000E+00  1.44316E+02
 SIGMA(1,1)   -4.52725E+02  6.12919E+01 -2.91339E+00 -3.54278E+01  1.82875E+01 -1.84580E+03  3.15780E+03  9.03537E+04  2.27776E+03  0.00000E+00  2.32329E+02
 OMEGA(1,1)   -1.41351E+02 -3.18764E+01 -1.48729E+00 -2.38661E+00  9.62590E+00  3.56536E+03 -1.62107E+02  2.27776E+03  2.79071E+03  0.00000E+00  8.67639E+02
 OMEGA(2,1)    0.00000E+00  0.00000E+00  0.00000E+00  0.00000E+00  0.00000E+00  0.00000E+00  0.00000E+00  0.00000E+00  0.00000E+00  0.00000E+00  0.00000E+00
 OMEGA(2,2)   -1.92401E+01 -4.90915E+01  9.45267E-01  8.24875E-01 -1.37684E+00 -2.00739E+02  1.44316E+02  2.32329E+02  8.67639E+02  0.00000E+00  4.29363E+02
