TABLE NO.     1: First Order Conditional Estimation with Interaction: Problem=1 Subproblem=0 Superproblem1=0 Iteration1=0 Superproblem2=0 Iteration2=0
 NAME         THETA1       THETA2       THETA3       THETA4       THETA5       THETA6       SIGMA(1,1)   OMEGA(1,1)   OMEGA(2,1)   OMEGA(2,2)
 THETA1        2.94110E+00  1.26732E-01 -2.46873E-01  1.46357E-01 -4.43059E+02  4.24511E+01 -6.40505E+01 -8.32204E+00  0.00000E+00 -5.46838E+00
 THETA2        1.26732E-01  3.51021E-02 -1.42300E-02  1.50626E-02 -2.53825E+02  1.82982E+01 -1.64859E+01 -2.31739E-01  0.00000E+00 -1.74916E-01
 THETA3       -2.46873E-01 -1.42300E-02  2.13279E-01 -5.03965E-03  6.22057E+01 -4.27997E+00 -1.37053E+01  1.67415E+00  0.00000E+00  1.12592E+00
 THETA4        1.46357E-01  1.50626E-02 -5.03965E-03  2.29259E-01 -1.78105E+02  1.39022E+01 -3.64119E+01 -5.04069E-01  0.00000E+00 -4.90040E-01
 THETA5       -4.43059E+02 -2.53825E+02  6.22057E+01 -1.78105E+02  5.49265E+06 -3.75422E+05 -1.64405E+05 -2.89798E+03  0.00000E+00 -2.13573E+02
 THETA6        4.24511E+01  1.82982E+01 -4.27997E+00  1.39022E+01 -3.75422E+05  2.62304E+04  8.93606E+03 -4.58400E+00  0.00000E+00 -3.47336E+01
 SIGMA(1,1)   -6.40505E+01 -1.64859E+01 -1.37053E+01 -3.64119E+01 -1.64405E+05  8.93606E+03  4.08639E+05  7.06848E+02  0.00000E+00  7.95294E+02
 OMEGA(1,1)   -8.32204E+00 -2.31739E-01  1.67415E+00 -5.04069E-01 -2.89798E+03 -4.58400E+00  7.06848E+02  3.10512E+02  0.00000E+00  3.78622E+01
 OMEGA(2,1)    0.00000E+00  0.00000E+00  0.00000E+00  0.00000E+00  0.00000E+00  0.00000E+00  0.00000E+00  0.00000E+00  0.00000E+00  0.00000E+00
 OMEGA(2,2)   -5.46838E+00 -1.74916E-01  1.12592E+00 -4.90040E-01 -2.13573E+02 -3.47336E+01  7.95294E+02  3.78622E+01  0.00000E+00  1.08704E+02
