TABLE NO.     1: First Order Conditional Estimation with Interaction: Problem=1 Subproblem=0 Superproblem1=0 Iteration1=0 Superproblem2=0 Iteration2=0
 NAME         THETA1       THETA2       THETA3       THETA4       THETA5       THETA6       THETA7       SIGMA(1,1)   OMEGA(1,1)   OMEGA(2,1)   OMEGA(2,2)
 THETA1        2.37609E+02 -3.38331E+00 -3.17962E-04 -3.44663E-01  1.54979E+00  3.26076E+03 -6.00110E+02 -1.14225E+03 -3.33147E+02  0.00000E+00  2.20296E+02
 THETA2       -3.38331E+00  5.85774E+00 -2.20264E-01  1.33811E-01 -3.55298E-01  2.42550E+02 -3.22318E+01 -8.37198E+01  8.67436E-01  0.00000E+00  1.66134E+01
 THETA3       -3.17962E-04 -2.20264E-01  8.11214E-02  2.79609E-02  9.78680E-02  1.21728E+02 -1.21067E+01  2.70946E+00  4.52813E-02  0.00000E+00 -1.01440E+00
 THETA4       -3.44663E-01  1.33811E-01  2.79609E-02  1.61030E-01 -4.79677E-02  9.67037E+01 -1.10482E+01 -1.07094E+01 -2.24451E+00  0.00000E+00 -1.61488E+00
 THETA5        1.54979E+00 -3.55298E-01  9.78680E-02 -4.79677E-02  6.66748E-01  1.89184E+02 -2.75423E+01 -8.30169E+00 -2.02423E+00  0.00000E+00 -2.17014E+00
 THETA6        3.26076E+03  2.42550E+02  1.21728E+02  9.67037E+01  1.89184E+02  5.24587E+05 -6.03404E+04 -4.25713E+04 -6.96955E+03  0.00000E+00  2.45253E+03
 THETA7       -6.00110E+02 -3.22318E+01 -1.21067E+01 -1.10482E+01 -2.75423E+01 -6.03404E+04  7.90343E+03  7.60884E+03  1.38669E+03  0.00000E+00 -3.88112E+02
 SIGMA(1,1)   -1.14225E+03 -8.37198E+01  2.70946E+00 -1.07094E+01 -8.30169E+00 -4.25713E+04  7.60884E+03  5.69275E+04  1.96260E+03  0.00000E+00 -1.20448E+03
 OMEGA(1,1)   -3.33147E+02  8.67436E-01  4.52813E-02 -2.24451E+00 -2.02423E+00 -6.96955E+03  1.38669E+03  1.96260E+03  1.03604E+03  0.00000E+00 -3.21471E+02
 OMEGA(2,1)    0.00000E+00  0.00000E+00  0.00000E+00  0.00000E+00  0.00000E+00  0.00000E+00  0.00000E+00  0.00000E+00  0.00000E+00  0.00000E+00  0.00000E+00
 OMEGA(2,2)    2.20296E+02  1.66134E+01 -1.01440E+00 -1.61488E+00 -2.17014E+00  2.45253E+03 -3.88112E+02 -1.20448E+03 -3.21471E+02  0.00000E+00  6.03815E+02
