TABLE NO.     1: First Order Conditional Estimation with Interaction: Problem=1 Subproblem=0 Superproblem1=0 Iteration1=0 Superproblem2=0 Iteration2=0
 NAME         THETA1       THETA2       THETA3       THETA4       THETA5       THETA6       SIGMA(1,1)   OMEGA(1,1)   OMEGA(2,1)   OMEGA(2,2)
 THETA1        5.06366E-01 -1.78027E+00  3.54908E-01 -1.73038E-01 -3.62564E-04 -4.56961E-03 -7.93661E-05  4.96925E-03  0.00000E+00  1.48295E-02
 THETA2       -1.78027E+00  5.61337E+01  1.62391E+00  1.64742E-01 -1.53619E-03 -5.91342E-02  2.87500E-03 -3.02435E-02  0.00000E+00 -4.77224E-02
 THETA3        3.54908E-01  1.62391E+00  5.66729E+00 -1.20150E-01 -1.52039E-03 -2.26462E-02  3.15775E-04 -3.03003E-02  0.00000E+00 -4.07547E-02
 THETA4       -1.73038E-01  1.64742E-01 -1.20150E-01  4.72908E+00 -5.00620E-04 -9.65049E-03  3.95619E-04 -2.90175E-03  0.00000E+00  8.17280E-03
 THETA5       -3.62564E-04 -1.53619E-03 -1.52039E-03 -5.00620E-04  1.20888E-05  1.74555E-04  5.87305E-07  1.06829E-04  0.00000E+00  3.08000E-05
 THETA6       -4.56961E-03 -5.91342E-02 -2.26462E-02 -9.65049E-03  1.74555E-04  2.58554E-03  5.40982E-06  1.53875E-03  0.00000E+00  4.59590E-04
 SIGMA(1,1)   -7.93661E-05  2.87500E-03  3.15775E-04  3.95619E-04  5.87305E-07  5.40982E-06  2.74920E-06  4.86959E-07  0.00000E+00 -1.82543E-05
 OMEGA(1,1)    4.96925E-03 -3.02435E-02 -3.03003E-02 -2.90175E-03  1.06829E-04  1.53875E-03  4.86959E-07  4.55553E-03  0.00000E+00 -3.86645E-04
 OMEGA(2,1)    0.00000E+00  0.00000E+00  0.00000E+00  0.00000E+00  0.00000E+00  0.00000E+00  0.00000E+00  0.00000E+00  0.00000E+00  0.00000E+00
 OMEGA(2,2)    1.48295E-02 -4.77224E-02 -4.07547E-02  8.17280E-03  3.08000E-05  4.59590E-04 -1.82543E-05 -3.86645E-04  0.00000E+00  1.08031E-02
