TABLE NO.     1: First Order Conditional Estimation with Interaction: Problem=1 Subproblem=0 Superproblem1=0 Iteration1=0 Superproblem2=0 Iteration2=0
 NAME         THETA1       THETA2       THETA3       THETA4       THETA5       THETA6       SIGMA(1,1)   OMEGA(1,1)   OMEGA(2,1)   OMEGA(2,2)
 THETA1        7.11594E-01 -3.33920E-01  2.09505E-01 -1.11820E-01 -1.46542E-01 -1.26291E-01 -6.72666E-02  1.03464E-01  0.00000E+00  2.00503E-01
 THETA2       -3.33920E-01  7.49224E+00  9.10465E-02  1.01112E-02 -5.89714E-02 -1.55221E-01  2.31432E-01 -5.98069E-02  0.00000E+00 -6.12826E-02
 THETA3        2.09505E-01  9.10465E-02  2.38061E+00 -2.32085E-02 -1.83686E-01 -1.87082E-01  7.99994E-02 -1.88578E-01  0.00000E+00 -1.64709E-01
 THETA4       -1.11820E-01  1.01112E-02 -2.32085E-02  2.17465E+00 -6.62108E-02 -8.72741E-02  1.09720E-01 -1.97698E-02  0.00000E+00  3.61584E-02
 THETA5       -1.46542E-01 -5.89714E-02 -1.83686E-01 -6.62108E-02  3.47689E-03  9.87338E-01  1.01875E-01  4.55227E-01  0.00000E+00  8.52287E-02
 THETA6       -1.26291E-01 -1.55221E-01 -1.87082E-01 -8.72741E-02  9.87338E-01  5.08482E-02  6.41658E-02  4.48357E-01  0.00000E+00  8.69603E-02
 SIGMA(1,1)   -6.72666E-02  2.31432E-01  7.99994E-02  1.09720E-01  1.01875E-01  6.41658E-02  1.65807E-03  4.35130E-03  0.00000E+00 -1.05923E-01
 OMEGA(1,1)    1.03464E-01 -5.98069E-02 -1.88578E-01 -1.97698E-02  4.55227E-01  4.48357E-01  4.35130E-03  6.74947E-02  0.00000E+00 -5.51150E-02
 OMEGA(2,1)    0.00000E+00  0.00000E+00  0.00000E+00  0.00000E+00  0.00000E+00  0.00000E+00  0.00000E+00  0.00000E+00  0.00000E+00  0.00000E+00
 OMEGA(2,2)    2.00503E-01 -6.12826E-02 -1.64709E-01  3.61584E-02  8.52287E-02  8.69603E-02 -1.05923E-01 -5.51150E-02  0.00000E+00  1.03938E-01
