TABLE NO.     1: First Order Conditional Estimation with Interaction: Problem=1 Subproblem=0 Superproblem1=0 Iteration1=0 Superproblem2=0 Iteration2=0
 NAME         THETA1       THETA2       THETA3       THETA4       THETA5       THETA6       THETA7       THETA8       SIGMA(1,1)   OMEGA(1,1)   OMEGA(2,1)   OMEGA(2,2)
 THETA1        1.02334E+02  0.00000E+00 -2.83310E+00 -2.64932E-02 -3.15839E-01  1.64232E-01  1.52281E+02  6.40436E+00  7.14028E+01 -8.04730E+00  0.00000E+00 -8.71881E-01
 THETA2        0.00000E+00  0.00000E+00  0.00000E+00  0.00000E+00  0.00000E+00  0.00000E+00  0.00000E+00  0.00000E+00  0.00000E+00  0.00000E+00  0.00000E+00  0.00000E+00
 THETA3       -2.83310E+00  0.00000E+00  4.77185E+00  3.19779E-03 -6.97459E-02  2.15191E-02  2.41061E+02 -1.67485E+01 -3.98248E+01 -1.86762E+00  0.00000E+00  6.73257E+00
 THETA4       -2.64932E-02  0.00000E+00  3.19779E-03  3.63057E-02  6.35200E-03  1.55710E-02  8.28275E+00 -8.23221E-01 -3.42078E+00 -5.16307E-02  0.00000E+00  3.69218E-02
 THETA5       -3.15839E-01  0.00000E+00 -6.97459E-02  6.35200E-03  2.40521E-01 -5.84677E-02  4.33895E+01 -3.87249E+00 -1.35374E+01 -4.02876E-01  0.00000E+00 -3.89655E-02
 THETA6        1.64232E-01  0.00000E+00  2.15191E-02  1.55710E-02 -5.84677E-02  3.85194E-01  2.69732E+00 -3.09479E+00 -8.93704E+00 -5.93088E+00  0.00000E+00 -5.26494E-01
 THETA7        1.52281E+02  0.00000E+00  2.41061E+02  8.28275E+00  4.33895E+01  2.69732E+00  1.20835E+06 -9.00612E+04 -3.17972E+04  8.19268E+02  0.00000E+00  3.73504E+02
 THETA8        6.40436E+00  0.00000E+00 -1.67485E+01 -8.23221E-01 -3.87249E+00 -3.09479E+00 -9.00612E+04  7.60991E+03  3.00806E+03 -3.34353E+01  0.00000E+00 -2.68808E+01
 SIGMA(1,1)    7.14028E+01  0.00000E+00 -3.98248E+01 -3.42078E+00 -1.35374E+01 -8.93704E+00 -3.17972E+04  3.00806E+03  2.01792E+05  1.45748E+02  0.00000E+00  6.41741E+01
 OMEGA(1,1)   -8.04730E+00  0.00000E+00 -1.86762E+00 -5.16307E-02 -4.02876E-01 -5.93088E+00  8.19268E+02 -3.34353E+01  1.45748E+02  1.60183E+03  0.00000E+00 -9.27093E+00
 OMEGA(2,1)    0.00000E+00  0.00000E+00  0.00000E+00  0.00000E+00  0.00000E+00  0.00000E+00  0.00000E+00  0.00000E+00  0.00000E+00  0.00000E+00  0.00000E+00  0.00000E+00
 OMEGA(2,2)   -8.71881E-01  0.00000E+00  6.73257E+00  3.69218E-02 -3.89655E-02 -5.26494E-01  3.73504E+02 -2.68808E+01  6.41741E+01 -9.27093E+00  0.00000E+00  1.87278E+02
