TABLE NO.     1: First Order Conditional Estimation with Interaction: Problem=1 Subproblem=0 Superproblem1=0 Iteration1=0 Superproblem2=0 Iteration2=0
 NAME         THETA1       THETA2       THETA3       THETA4       THETA5       THETA6       THETA7       SIGMA(1,1)   OMEGA(1,1)   OMEGA(2,1)   OMEGA(2,2)
 THETA1        1.28776E-02  2.52314E-02  9.40782E-02  2.27996E-02 -1.52388E-03  8.81521E-05  1.41999E-03  3.67547E-05  1.64441E-03  0.00000E+00 -3.67547E-03
 THETA2        2.52314E-02  3.29975E-01  1.59700E+00 -3.60695E-01  1.68081E-02  7.54187E-05  6.05865E-03 -5.30373E-05 -5.41892E-03  0.00000E+00 -1.59085E-02
 THETA3        9.40782E-02  1.59700E+00  3.36557E+01 -4.12269E+00 -2.97410E+00 -1.18565E-02 -3.64710E-02 -2.48716E-03 -2.50132E-02  0.00000E+00 -3.70006E-02
 THETA4        2.27996E-02 -3.60695E-01 -4.12269E+00  9.51990E+00  1.62568E+00 -1.08256E-03 -8.73789E-04  1.21766E-03  3.97704E-02  0.00000E+00  5.34214E-02
 THETA5       -1.52388E-03  1.68081E-02 -2.97410E+00  1.62568E+00  2.52219E+00  2.55859E-03  2.85696E-02 -5.73825E-04 -8.51187E-03  0.00000E+00  1.08047E-02
 THETA6        8.81521E-05  7.54187E-05 -1.18565E-02 -1.08256E-03  2.55859E-03  3.14717E-05  2.59039E-04 -6.19127E-06 -1.17988E-04  0.00000E+00 -8.43492E-05
 THETA7        1.41999E-03  6.05865E-03 -3.64710E-02 -8.73789E-04  2.85696E-02  2.59039E-04  2.53242E-03 -7.67734E-05 -1.27421E-03  0.00000E+00 -9.01621E-04
 SIGMA(1,1)    3.67547E-05 -5.30373E-05 -2.48716E-03  1.21766E-03 -5.73825E-04 -6.19127E-06 -7.67734E-05  2.33716E-05  3.91068E-05  0.00000E+00  2.83071E-05
 OMEGA(1,1)    1.64441E-03 -5.41892E-03 -2.50132E-02  3.97704E-02 -8.51187E-03 -1.17988E-04 -1.27421E-03  3.91068E-05  2.63076E-03  0.00000E+00  7.21740E-04
 OMEGA(2,1)    0.00000E+00  0.00000E+00  0.00000E+00  0.00000E+00  0.00000E+00  0.00000E+00  0.00000E+00  0.00000E+00  0.00000E+00  0.00000E+00  0.00000E+00
 OMEGA(2,2)   -3.67547E-03 -1.59085E-02 -3.70006E-02  5.34214E-02  1.08047E-02 -8.43492E-05 -9.01621E-04  2.83071E-05  7.21740E-04  0.00000E+00  3.75814E-03
