TABLE NO.     1: First Order Conditional Estimation with Interaction: Problem=1 Subproblem=0 Superproblem1=0 Iteration1=0 Superproblem2=0 Iteration2=0
 NAME         THETA1       THETA2       THETA3       THETA4       THETA5       THETA6       THETA7       SIGMA(1,1)   OMEGA(1,1)   OMEGA(2,1)   OMEGA(2,2)
 THETA1        1.16330E+02 -9.73115E+00 -9.54335E-01 -3.78872E-01  1.26098E+00  5.43028E+03 -4.27211E+02  1.22726E+03  1.54466E+01  0.00000E+00  1.97100E+01
 THETA2       -9.73115E+00  4.71866E+00  2.00323E-01 -6.02219E-02 -7.86482E-02 -1.07972E+03  8.31014E+01 -1.14454E+02 -1.38874E+01  0.00000E+00 -6.50535E+00
 THETA3       -9.54335E-01  2.00323E-01  3.57788E-02 -5.53801E-03  1.97065E-02 -2.91386E+02  2.05439E+01 -3.36419E+00  3.17406E-01  0.00000E+00 -3.52842E-01
 THETA4       -3.78872E-01 -6.02219E-02 -5.53801E-03  2.96507E-01  3.72173E-02  7.67343E+01 -3.56907E+00  1.36648E+01 -1.35852E+00  0.00000E+00 -7.11073E-01
 THETA5        1.26098E+00 -7.86482E-02  1.97065E-02  3.72173E-02  2.13641E-01 -2.14188E+02  1.69688E+01 -2.35904E+01 -1.30747E+00  0.00000E+00 -6.87177E-01
 THETA6        5.43028E+03 -1.07972E+03 -2.91386E+02  7.67343E+01 -2.14188E+02  7.74726E+06 -5.22128E+05 -6.92363E+05 -9.21668E+02  0.00000E+00  8.25737E+02
 THETA7       -4.27211E+02  8.31014E+01  2.05439E+01 -3.56907E+00  1.69688E+01 -5.22128E+05  3.60238E+04  4.09645E+04  6.82343E+01  0.00000E+00 -1.22890E+02
 SIGMA(1,1)    1.22726E+03 -1.14454E+02 -3.36419E+00  1.36648E+01 -2.35904E+01 -6.92363E+05  4.09645E+04  6.35574E+05 -4.66402E+03  0.00000E+00  9.79728E+02
 OMEGA(1,1)    1.54466E+01 -1.38874E+01  3.17406E-01 -1.35852E+00 -1.30747E+00 -9.21668E+02  6.82343E+01 -4.66402E+03  1.03964E+03  0.00000E+00  1.74471E+02
 OMEGA(2,1)    0.00000E+00  0.00000E+00  0.00000E+00  0.00000E+00  0.00000E+00  0.00000E+00  0.00000E+00  0.00000E+00  0.00000E+00  0.00000E+00  0.00000E+00
 OMEGA(2,2)    1.97100E+01 -6.50535E+00 -3.52842E-01 -7.11073E-01 -6.87177E-01  8.25737E+02 -1.22890E+02  9.79728E+02  1.74471E+02  0.00000E+00  1.10110E+02
