TABLE NO.     1: First Order Conditional Estimation with Interaction: Problem=1 Subproblem=0 Superproblem1=0 Iteration1=0 Superproblem2=0 Iteration2=0
 NAME         THETA1       THETA2       THETA3       THETA4       THETA5       THETA6       THETA7       SIGMA(1,1)   OMEGA(1,1)   OMEGA(2,1)   OMEGA(2,2)
 THETA1        1.07630E-01  2.90500E-01 -2.37703E-01  1.91981E-01  3.50929E-01 -2.38557E-01 -2.81114E-01  2.95064E-01 -3.03035E-01  0.00000E+00  3.21697E-01
 THETA2        2.90500E-01  2.09973E+00  3.90093E-01  3.84917E-01  4.43221E-01 -4.24938E-01 -2.53028E-01  3.43965E-01 -9.57426E-01  0.00000E+00  9.80933E-01
 THETA3       -2.37703E-01  3.90093E-01  5.65494E+00 -5.09668E-03  6.43415E-02 -4.22892E-01 -1.74018E-01  4.10033E-02 -2.50218E-01  0.00000E+00  2.94584E-01
 THETA4        1.91981E-01  3.84917E-01 -5.09668E-03  2.74278E+00  6.40658E-01 -1.32830E-01  1.08045E-02  2.91059E-01 -3.79769E-01  0.00000E+00  3.80334E-01
 THETA5        3.50929E-01  4.43221E-01  6.43415E-02  6.40658E-01  1.60425E+00 -4.53182E-02  1.28408E-01  1.88647E-01 -4.86391E-01  0.00000E+00  4.69367E-01
 THETA6       -2.38557E-01 -4.24938E-01 -4.22892E-01 -1.32830E-01 -4.53182E-02  5.16708E-03  9.07806E-01 -4.26192E-01  3.55979E-01  0.00000E+00 -4.01930E-01
 THETA7       -2.81114E-01 -2.53028E-01 -1.74018E-01  1.08045E-02  1.28408E-01  9.07806E-01  4.49894E-02 -4.32342E-01  2.27320E-01  0.00000E+00 -2.61494E-01
 SIGMA(1,1)    2.95064E-01  3.43965E-01  4.10033E-02  2.91059E-01  1.88647E-01 -4.26192E-01 -4.32342E-01  4.07273E-03 -3.74919E-01  0.00000E+00  3.69762E-01
 OMEGA(1,1)   -3.03035E-01 -9.57426E-01 -2.50218E-01 -3.79769E-01 -4.86391E-01  3.55979E-01  2.27320E-01 -3.74919E-01  1.35102E-01  0.00000E+00 -9.87134E-01
 OMEGA(2,1)    0.00000E+00  0.00000E+00  0.00000E+00  0.00000E+00  0.00000E+00  0.00000E+00  0.00000E+00  0.00000E+00  0.00000E+00  0.00000E+00  0.00000E+00
 OMEGA(2,2)    3.21697E-01  9.80933E-01  2.94584E-01  3.80334E-01  4.69367E-01 -4.01930E-01 -2.61494E-01  3.69762E-01 -9.87134E-01  0.00000E+00  5.10022E-01
