TABLE NO.     1: First Order Conditional Estimation with Interaction: Problem=1 Subproblem=0 Superproblem1=0 Iteration1=0 Superproblem2=0 Iteration2=0
 NAME         THETA1       THETA2       THETA3       THETA4       THETA5       THETA6       THETA7       SIGMA(1,1)   OMEGA(1,1)   OMEGA(2,1)   OMEGA(2,2)
 THETA1        1.54153E-02  6.93165E-03  4.40134E-01  4.36334E-02 -1.53007E-01  4.90355E-05  7.39254E-04 -3.10509E-05 -5.49072E-04  0.00000E+00 -8.96098E-06
 THETA2        6.93165E-03  3.37532E-01 -1.96775E+00  5.18765E-02  3.08242E-01 -1.48754E-04 -1.89364E-03  3.13256E-05  4.56338E-03  0.00000E+00  6.14658E-03
 THETA3        4.40134E-01 -1.96775E+00  7.27829E+01  1.96109E+00 -8.71673E+00  2.67518E-03  1.16204E-02  2.17143E-04 -8.00348E-02  0.00000E+00  1.14245E-01
 THETA4        4.36334E-02  5.18765E-02  1.96109E+00  3.69903E+00 -1.03992E+00 -3.01283E-04 -3.77885E-03 -3.22186E-04 -2.48355E-03  0.00000E+00  2.37804E-02
 THETA5       -1.53007E-01  3.08242E-01 -8.71673E+00 -1.03992E+00  7.22676E+00 -1.30546E-03 -2.07103E-02  6.32048E-04  1.85158E-02  0.00000E+00  7.76627E-03
 THETA6        4.90355E-05 -1.48754E-04  2.67518E-03 -3.01283E-04 -1.30546E-03  6.75605E-06  9.71865E-05  7.95108E-07 -1.04891E-05  0.00000E+00  4.82608E-05
 THETA7        7.39254E-04 -1.89364E-03  1.16204E-02 -3.77885E-03 -2.07103E-02  9.71865E-05  1.44592E-03  7.98746E-06 -1.63167E-04  0.00000E+00  7.11772E-04
 SIGMA(1,1)   -3.10509E-05  3.13256E-05  2.17143E-04 -3.22186E-04  6.32048E-04  7.95108E-07  7.98746E-06  2.19638E-06  1.68002E-05  0.00000E+00 -3.32426E-05
 OMEGA(1,1)   -5.49072E-04  4.56338E-03 -8.00348E-02 -2.48355E-03  1.85158E-02 -1.04891E-05 -1.63167E-04  1.68002E-05  1.57923E-03  0.00000E+00 -2.54432E-03
 OMEGA(2,1)    0.00000E+00  0.00000E+00  0.00000E+00  0.00000E+00  0.00000E+00  0.00000E+00  0.00000E+00  0.00000E+00  0.00000E+00  0.00000E+00  0.00000E+00
 OMEGA(2,2)   -8.96098E-06  6.14658E-03  1.14245E-01  2.37804E-02  7.76627E-03  4.82608E-05  7.11772E-04 -3.32426E-05 -2.54432E-03  0.00000E+00  1.47745E-02
