Cl_pop,1,-0.982461,-0.0113599,0.0191022,-0.0115387,0.0099317,0.000896762,0.0269221,0.0208474,0.00750785,-0.00731196
beta_Cl_eGFR,-0.982461,1,0.0117377,-0.024826,0.0208332,-0.0109021,-0.00213756,-0.0268013,-0.0279653,-0.00211505,0.00977535
V1_pop,-0.0113599,0.0117377,1,-0.362531,-0.239876,0.0185306,-0.032582,-0.0501673,-0.0643518,-0.0168081,0.0290972
Q_pop,0.0191022,-0.024826,-0.362531,1,0.163678,-0.0356179,0.0774047,0.0530247,0.262962,-0.00196958,0.00825241
V2_pop,-0.0115387,0.0208332,-0.239876,0.163678,1,0.0203038,0.0292087,0.0969729,-0.185619,-0.0299357,0.0758462
omega_Cl,0.0099317,-0.0109021,0.0185306,-0.0356179,0.0203038,1,0.00395702,0.0353047,0.0222826,0.0289275,-0.0305261
omega_V1,0.000896762,-0.00213756,-0.032582,0.0774047,0.0292087,0.00395702,1,0.0243824,0.0156207,0.020301,-0.0344249
omega_Q,0.0269221,-0.0268013,-0.0501673,0.0530247,0.0969729,0.0353047,0.0243824,1,0.0371524,0.0642609,-0.0766062
omega_V2,0.0208474,-0.0279653,-0.0643518,0.262962,-0.185619,0.0222826,0.0156207,0.0371524,1,0.0151605,-0.110306
a1,0.00750785,-0.00211505,-0.0168081,-0.00196958,-0.0299357,0.0289275,0.020301,0.0642609,0.0151605,1,-0.65563
b1,-0.00731196,0.00977535,0.0290972,0.00825241,0.0758462,-0.0305261,-0.0344249,-0.0766062,-0.110306,-0.65563,1
